100
0.0000 0.5176 1.3381 0.1107 1.0990 1.1367 1.0385 0.4145 0.4953 0.4259 0.4104 0.5899 0.0304 1.5306 0.3558 0.1848 0.3284 0.0906 0.4742 1.0774 0.2820 0.4294 1.1641 1.3257 0.5449 2.1133 0.6936 0.3699 0.5730 1.7878 0.7446 0.0159 0.9843 1.5716 0.1099 1.1890 1.9085 1.1642 0.4867 1.3622 1.1233 0.3226 0.1130 0.6626 0.4340 0.6204 2.5707 0.1710 0.5278 1.0188 0.0820 0.9585 0.1814 0.9035 0.5675 0.4146 1.3064 0.5515 0.1679 0.1326 0.7352 0.8224 0.0248 0.2866 0.3641 1.8759 0.6433 1.1679 1.1310 0.9133 0.3172 0.8603 1.9519 0.2780 0.7143 1.3680 0.5210 2.3176 0.0826 0.8661 0.7413 0.4838 0.2565 0.0730 1.4586 0.7222 0.0771 1.0381 0.6187 1.3663 1.1664 0.3138 1.2621 0.9359 0.0288 1.1102 0.2364 0.2208 0.0532 1.1826
0.5176 0.0000 0.1107 0.0515 0.8160 2.9528 0.2295 0.2275 1.3419 1.1321 0.4256 0.2090 1.6337 0.1116 2.2062 0.7379 0.7782 1.0510 0.2104 0.1580 0.4571 1.7515 0.2486 0.3428 1.4987 0.6699 0.6855 0.9776 1.7071 0.2129 0.9846 0.3759 0.7379 1.0270 0.1136 0.9185 0.9498 1.6352 1.4410 0.3557 0.6430 0.3414 0.6804 0.8164 0.5626 0.6474 0.2508 1.0275 0.7778 0.8101 0.5996 0.6007 0.1756 2.7284 2.0848 0.0803 0.0905 0.6043 0.2162 0.4730 0.5449 0.4396 0.4077 1.3382 0.9899 0.2447 0.9685 0.6250 0.4410 0.0939 0.5867 0.3079 0.1497 0.0604 0.6309 0.9657 0.7056 0.1279 0.4026 0.4579 0.0816 1.3999 0.4278 0.2732 0.1659 0.6661 0.4377 1.1586 0.6255 0.1455 0.0569 1.0350 0.2287 0.8246 0.8831 0.0508 0.7144 1.2453 0.2811 1.2963
1.3381 0.1107 0.0000 1.4069 1.2175 1.2009 0.1398 0.0099 1.4473 1.2951 1.1870 0.9000 1.1631 0.4333 0.5924 0.0739 0.6551 0.3645 0.3076 0.1943 0.4322 1.7187 0.1161 0.1164 0.5114 1.2480 1.4874 1.1903 1.2682 1.0000 0.5343 0.2176 0.6209 0.5977 0.1277 0.1955 0.1290 0.2416 1.5865 1.5090 0.0242 0.0418 1.4112 0.3690 0.4985 0.4394 0.3604 0.6329 0.2946 0.7550 0.6384 0.5098 1.0347 0.4863 0.0190 1.1432 0.6606 0.8504 0.3070 0.0420 0.9014 0.7503 0.7378 0.3349 1.2540 0.7198 1.1063 0.0852 1.1509 1.4780 0.3069 2.1261 0.1001 1.5455 0.3941 0.7727 0.6252 0.3459 0.0791 1.1579 0.6629 0.8279 2.3404 0.0378 0.7667 0.5177 1.5020 1.2747 0.8036 0.0644 0.4106 1.9235 0.3392 0.7938 2.1461 0.3048 0.6403 0.5450 0.8652 1.5817
0.1107 0.0515 1.4069 0.0000 0.4027 0.9484 0.1652 0.1984 0.2649 0.1167 1.0758 0.1164 0.0750 1.5094 0.1679 0.5087 0.7918 0.0654 1.2085 0.6637 1.5988 0.5921 0.3855 0.5788 0.7858 1.5630 1.0879 0.2437 2.1076 0.5845 0.1654 1.4026 0.0247 1.1215 0.6341 1.8593 1.5736 0.8360 0.3861 0.5715 0.5891 0.1838 0.5923 0.3566 1.0717 0.1520 0.7993 0.9485 0.2361 0.7960 0.2181 1.1466 1.2449 0.1322 1.5774 2.5612 1.4157 2.4122 1.0748 0.9728 0.3391 0.1859 0.1876 1.2931 1.2006 1.9547 1.6495 0.1440 0.5274 0.0010 1.0465 0.6104 1.2699 2.2416 1.7292 0.0061 2.0301 0.2565 0.1511 2.1843 0.7940 0.1444 0.1088 0.8303 0.7358 1.2257 0.3860 1.9053 1.0379 1.3881 2.0272 0.3947 0.5576 0.1894 0.2306 1.3068 0.0546 0.1148 0.4451 0.7856
1.0990 0.8160 1.2175 0.4027 0.0000 0.6161 0.1888 0.8809 0.2691 1.6687 0.6425 1.7062 0.1096 0.5206 0.1660 0.0445 1.1692 0.9341 0.3579 0.0965 0.3815 1.2342 0.6121 0.2167 0.5202 0.2996 1.5209 0.2862 0.3523 0.8101 0.3762 1.3130 2.0248 0.4609 0.5150 0.0916 0.4933 0.2446 2.1369 1.0096 0.5241 0.2037 0.6936 0.3152 1.0539 1.4479 0.6834 0.9751 0.9808 0.8552 1.7728 0.2124 0.8980 1.3578 2.0841 1.2500 1.3475 0.1766 0.0293 0.3622 0.2429 0.1116 0.5575 0.0257 0.6637 1.3054 0.0009 0.3524 0.0100 0.2504 0.7572 1.7442 2.0229 1.0882 0.2028 1.3586 0.9686 1.9356 0.5239 2.3667 2.3714 0.3989 0.9873 0.1201 1.0816 0.1465 0.6576 0.2569 0.3885 0.1732 1.2263 1.0143 0.7914 0.3426 0.9966 0.5872 1.3719 0.7826 1.6270 1.2142
1.1367 2.9528 1.2009 0.9484 0.6161 0.0000 0.1378 1.6853 1.1440 1.0657 0.0822 0.3688 0.6208 0.4556 1.1930 0.3909 0.9631 1.2050 0.1509 1.2044 0.3559 1.5198 0.4473 1.7875 0.0889 2.2599 0.9031 1.0138 0.2097 0.4076 0.3855 2.2447 0.1138 0.8005 0.2232 1.9048 0.2908 0.1969 0.6064 0.9213 0.0809 0.3501 0.6607 0.7373 0.4885 0.0227 1.3933 0.9009 0.2271 1.6570 0.7061 1.9128 1.0865 0.3480 0.8163 0.1293 1.2062 0.1364 1.2751 0.0014 1.0379 0.1585 0.3943 0.3026 0.0991 0.1868 0.2317 1.2329 0.4978 0.1180 1.7926 0.3668 1.1670 0.3838 0.3237 1.3400 0.3591 0.6294 0.2364 0.0017 0.9325 0.5670 1.1867 0.2999 0.8230 0.7340 2.9235 0.8288 0.4417 1.1104 0.2734 0.4814 1.9213 0.1937 1.0623 0.1360 2.0916 0.3309 0.3263 0.3914
1.0385 0.2295 0.1398 0.1652 0.1888 0.1378 0.0000 0.6291 0.4245 0.1378 0.7535 0.5924 0.4629 0.3344 0.1730 0.1109 0.8927 0.4900 0.4596 0.9371 0.4902 0.3979 0.1296 2.5705 0.8328 0.6730 0.0853 1.1952 0.1765 1.4202 0.5828 0.3391 1.8790 1.5577 1.4855 0.5172 2.2233 0.2933 1.0094 0.5547 1.5216 0.0278 0.7430 0.5385 0.2685 1.2037 1.6654 0.6274 0.2288 0.9764 0.3072 0.0245 0.1901 0.1274 0.0286 1.2140 0.6307 1.1167 2.3377 0.7772 1.3023 0.9140 0.7251 0.4830 0.1351 1.9464 0.8674 0.9001 1.2951 0.3606 0.9267 0.6094 0.5110 0.5228 0.3401 0.3896 0.9655 1.0644 0.7165 0.2783 0.0882 0.9682 1.5112 0.5140 0.6400 1.2628 0.6562 0.9082 1.2447 1.7230 1.1643 1.0742 1.6967 0.3195 0.4018 2.1466 0.0062 0.7661 0.1620 0.2703
0.4145 0.2275 0.0099 0.1984 0.8809 1.6853 0.6291 0.0000 0.5194 0.2927 0.8056 0.0532 0.7801 2.2807 0.8294 1.7020 0.6338 0.8424 0.2286 1.1530 0.7244 0.6106 2.0535 1.0015 0.1774 0.8187 0.5474 0.6675 0.6541 0.1936 0.5278 1.1203 1.0842 2.0051 0.7567 0.5171 0.3367 0.6048 1.4655 0.2964 0.0958 2.4082 0.1922 0.2631 0.5928 1.0761 0.6561 0.5362 0.1650 0.8270 0.3721 1.1175 1.5757 0.8670 0.6494 0.7269 0.5098 0.7878 0.0786 1.0427 0.1826 0.4966 0.2753 0.2239 1.3542 1.0469 2.3291 0.0239 0.5378 0.0955 0.4026 0.3931 0.1924 1.4284 0.7078 0.4982 1.9797 0.4133 0.4612 0.8136 0.5358 0.0494 0.5656 1.6740 1.1651 2.6309 0.9151 0.5956 0.5298 0.9400 0.0149 0.9121 0.4914 0.0302 1.2088 0.1619 1.3766 1.2428 0.7189 0.2085
0.4953 1.3419 1.4473 0.2649 0.2691 1.1440 0.4245 0.5194 0.0000 2.3152 1.3528 0.4068 0.8553 0.0043 1.5038 1.6239 0.1639 0.1305 0.9309 0.0013 0.5578 0.5036 1.4614 1.2632 0.1793 1.3127 0.6983 1.2087 0.0023 1.2206 1.2102 1.0495 0.1157 0.9582 0.0548 0.6564 0.1663 0.0078 1.2470 0.5336 0.7239 1.5314 0.0085 0.4493 0.3158 0.4037 0.8146 0.1671 1.1455 2.4006 1.6403 1.3521 0.9249 1.4690 0.4161 0.9731 0.8415 0.3729 0.2013 0.1052 0.5038 1.7418 1.9578 1.2224 1.3815 0.8451 1.1730 0.8279 0.5921 0.1860 1.5069 0.6569 1.7927 0.3835 0.1030 0.5532 0.9896 1.1870 0.5586 0.1005 0.4273 0.0360 0.5468 0.0316 0.9316 0.8753 0.2521 0.2945 0.9081 1.4997 1.3923 0.2155 0.0573 0.7997 0.3225 0.7723 0.5695 0.8991 1.7649 0.8268
0.4259 1.1321 1.2951 0.1167 1.6687 1.0657 0.1378 0.2927 2.3152 0.0000 0.1681 1.8472 0.5924 0.3954 1.6200 0.4629 1.0906 0.4934 0.4901 0.3269 0.2431 0.6992 0.5704 0.7619 0.3261 0.2824 0.3216 0.3267 0.6342 1.5612 0.9253 2.4032 0.8253 0.1763 0.8562 2.5676 1.2611 0.5673 0.2794 0.7089 0.2881 0.4533 0.4791 0.2479 0.2046 0.1935 1.6698 1.5408 0.2916 1.5692 1.7970 0.9195 0.4150 1.0919 1.5438 0.4179 0.3162 0.2913 1.8960 1.1903 0.6247 0.1030 0.2206 0.7785 0.0477 1.5788 0.1019 0.2104 1.1427 0.8645 0.9477 0.2242 0.5555 1.6606 2.1069 1.3851 0.7910 0.5081 0.3986 1.0391 0.1241 0.2907 0.0135 2.1241 0.1966 0.9667 0.0053 1.1573 1.5116 2.2377 1.6828 0.2152 1.1073 0.7075 0.9062 0.3609 0.3151 1.8558 0.6565 1.0900
0.4104 0.4256 1.1870 1.0758 0.6425 0.0822 0.7535 0.8056 1.3528 0.1681 0.0000 1.4380 1.1094 1.5994 1.0646 0.0527 0.1869 0.0833 0.7864 0.1699 0.3324 1.2313 0.3301 0.0716 0.3922 1.4014 0.7681 0.7155 0.5101 0.5714 1.1048 0.1038 0.0843 0.7834 0.6922 0.1745 0.4568 0.0881 0.8844 0.9347 0.6746 0.1861 0.6088 0.4785 0.0537 0.3142 0.3725 0.1577 1.2543 0.9907 0.3501 0.4862 0.0680 1.3688 0.6085 0.0502 0.3744 0.3250 1.6196 0.6538 1.7300 0.3552 0.1065 0.9037 0.4117 1.2066 1.0358 0.4395 1.7826 0.3089 0.1023 1.3828 0.9224 0.4296 0.4691 0.3060 0.0559 0.6626 0.7218 0.0837 1.1262 0.0779 1.4813 0.8683 0.9328 0.7363 0.4042 0.0815 0.4963 0.6773 0.8860 0.2741 0.7952 1.0736 0.9398 0.9208 1.5972 0.1058 0.8056 0.7868
0.5899 0.2090 0.9000 0.1164 1.7062 0.3688 0.5924 0.0532 0.4068 1.8472 1.4380 0.0000 0.6074 0.3784 0.1609 0.0733 0.5845 1.0651 1.1106 1.2479 0.5259 1.5140 0.8166 1.4734 0.6166 1.3532 0.0680 0.1767 0.3428 0.6692 0.4476 1.1893 0.2583 0.3363 0.1737 0.9878 0.8137 0.2548 1.4527 0.6398 0.0677 0.0367 0.0812 0.4664 0.3019 0.1379 0.2791 0.4154 0.3032 0.4038 0.3287 0.6873 0.1367 0.0586 0.0684 0.1172 0.6773 0.1234 0.3631 1.4173 1.2633 0.3559 0.5355 0.7244 0.9875 1.6041 0.1800 1.2850 0.0920 0.7876 0.3119 0.0600 0.1492 2.1550 0.8368 0.3451 0.3412 0.5470 0.0183 0.0704 0.0105 0.2025 0.3283 1.1605 0.7055 0.0237 2.6216 1.5736 0.7302 0.7385 1.5548 1.5277 1.6038 0.2616 1.4258 0.7178 1.3519 0.1862 0.8044 0.7679
0.0304 1.6337 1.1631 0.0750 0.1096 0.6208 0.4629 0.7801 0.8553 0.5924 1.1094 0.6074 0.0000 0.9660 0.2614 0.6162 0.6137 0.9915 0.0719 1.4174 1.7890 1.0422 2.0882 0.6238 1.5207 1.0776 0.2409 0.6204 0.5228 0.5561 0.2434 0.5684 1.7562 0.7356 1.8923 0.7043 0.4176 1.1774 1.2828 0.5360 1.6101 1.8865 0.1332 0.7791 1.0100 1.5050 0.2912 0.4114 1.4188 1.8768 0.2912 0.1093 0.8092 0.9050 1.6410 0.0183 1.2253 0.6110 0.0190 2.7712 0.4033 0.1396 2.6677 0.3388 1.4823 1.5784 1.8698 0.4909 1.6750 1.7501 1.3803 1.5539 1.5800 1.2206 1.1509 0.4236 0.4587 0.6712 0.5081 0.6606 0.0902 1.4899 0.2727 0.6038 0.1689 0.8527 0.2847 0.6364 0.4235 1.1992 0.4046 0.7167 1.6165 0.7228 0.6389 0.8500 0.6071 0.7670 1.5503 0.0205
1.5306 0.1116 0.4333 1.5094 0.5206 0.4556 0.3344 2.2807 0.0043 0.3954 1.5994 0.3784 0.9660 0.0000 0.1812 0.8259 1.3587 0.1407 0.6252 0.0881 0.3520 1.8348 0.8004 0.8549 0.8056 1.1146 1.0989 1.1302 0.9567 0.4463 0.9379 0.5176 1.4862 0.0206 0.1877 0.4683 0.0764 0.1788 0.6772 1.2430 0.0700 0.9310 0.3836 0.3868 0.2680 0.6117 0.2842 0.3358 0.6123 0.9586 0.1305 1.2772 1.2025 0.8510 0.4635 1.5584 0.6177 1.8731 0.1104 0.9202 1.0033 1.0207 0.2685 1.0157 1.0539 0.4583 0.1792 1.1276 0.4030 0.1443 1.8967 0.9604 1.1754 0.4925 1.0149 0.2936 0.6406 0.8120 0.5656 1.3927 0.5877 0.7989 1.3211 0.7585 0.7207 1.2000 0.5765 0.9107 0.6718 2.1300 0.0250 1.5965 1.1258 1.5880 0.4540 1.0693 0.2645 0.2776 0.4149 0.1459
0.3558 2.2062 0.5924 0.1679 0.1660 1.1930 0.1730 0.8294 1.5038 1.6200 1.0646 0.1609 0.2614 0.1812 0.0000 0.9902 2.3843 0.3146 0.0018 0.6742 0.0011 0.0536 0.4688 0.0553 0.4650 0.6329 0.5098 0.0209 0.1002 0.2016 0.0456 0.0416 0.2984 0.0574 0.4467 1.6858 1.5586 0.3649 0.2934 0.4132 0.9907 1.2994 0.1488 0.0969 0.5625 1.1350 1.5211 0.0152 1.0742 1.1392 0.3387 0.7140 0.8458 0.1789 1.6986 1.0186 0.7649 0.2687 0.8281 0.6877 1.0371 0.5172 0.0231 2.9372 0.3659 0.3123 1.4075 0.7852 0.0886 0.5508 0.1239 0.4258 1.3462 1.1522 0.1750 1.5776 0.9536 0.5308 0.4126 0.4087 0.2108 0.2537 0.7391 0.1233 1.8678 1.4617 0.3404 0.9568 0.9630 1.1542 0.7792 1.4676 0.0053 0.9057 0.4328 1.1710 1.2313 0.1417 0.2633 0.9350
0.1848 0.7379 0.0739 0.5087 0.0445 0.3909 0.1109 1.7020 1.6239 0.4629 0.0527 0.0733 0.6162 0.8259 0.9902 0.0000 2.3559 1.7165 2.8791 2.0978 1.1932 0.8043 0.3895 0.2783 0.4637 0.2749 1.3255 0.5859 0.9052 0.6325 0.3806 0.9974 2.2911 0.8310 1.7631 0.6860 0.5805 0.5133 0.2608 1.5763 0.0216 0.1910 1.3940 0.8108 1.4340 1.4307 0.4058 1.4124 0.2771 1.1389 0.0564 0.1745 1.5361 0.4539 2.0002 0.6182 1.6703 0.2341 0.6195 0.7540 0.8928 1.5380 2.1122 0.1511 0.4968 0.4961 1.6506 0.4158 0.9304 0.5036 1.0153 0.3559 1.6068 0.2381 0.6698 0.7449 0.9280 1.2323 1.5653 2.1376 0.5342 0.3081 0.4413 0.1188 1.1215 0.7148 1.9939 0.4617 0.4621 0.7008 0.6120 0.1672 0.3562 1.1875 1.7619 1.1750 0.9843 0.4203 0.7847 0.3860
0.3284 0.7782 0.6551 0.7918 1.1692 0.9631 0.8927 0.6338 0.1639 1.0906 0.1869 0.5845 0.6137 1.3587 2.3843 2.3559 0.0000 0.3002 1.6714 0.1240 0.6849 1.7183 0.3860 1.2833 0.7838 0.7142 1.2451 1.3918 1.0149 0.6549 0.4493 0.0854 2.2293 0.9769 0.8564 0.7545 1.0279 0.0374 0.8053 1.2686 0.6888 0.2215 1.4007 0.3707 0.2787 0.6040 0.6349 0.3628 0.7689 0.2148 0.4831 0.0487 0.5614 2.1641 0.2433 0.1623 0.4935 0.1320 0.4724 0.4262 2.3115 1.2690 1.3607 0.7173 0.7402 1.1743 1.8396 1.6745 0.7932 1.2884 1.2265 0.4649 0.5037 0.6543 0.6407 0.5193 1.0249 0.8770 0.5775 2.5823 0.3181 1.0336 0.1222 0.3002 0.0006 0.9925 1.0343 1.0306 0.8961 1.7548 2.3542 0.4834 0.3355 1.0314 1.5458 0.0693 0.4808 1.2759 1.6675 1.1702
0.0906 1.0510 0.3645 0.0654 0.9341 1.2050 0.4900 0.8424 0.1305 0.4934 0.0833 1.0651 0.9915 0.1407 0.3146 1.7165 0.3002 0.0000 0.3129 0.5238 0.6310 0.0635 0.4992 0.4107 0.7259 0.6814 0.1475 0.2723 0.9633 0.4412 0.7845 1.0448 0.4799 0.7414 0.6352 0.4103 1.6458 1.0944 1.0665 0.9486 0.3333 0.3118 0.7839 0.8100 0.3848 0.2489 0.9674 2.2352 0.3243 0.4594 0.1928 0.9768 0.9286 0.5096 0.2998 0.4092 1.3394 1.1559 0.7874 1.1478 1.3017 0.8701 1.4432 0.1254 0.7119 1.5898 0.8785 1.1547 0.2477 0.3865 1.1322 0.6857 0.7629 0.7714 0.1118 0.6940 0.9532 1.5492 0.8276 1.1008 0.6383 0.8860 0.4002 0.1861 0.2992 0.8568 0.2144 0.2196 0.0154 1.0079 0.2699 0.5762 0.3943 2.0463 0.2276 1.7530 0.2070 1.3291 1.3876 1.2790
0.4742 0.2104 0.3076 1.2085 0.3579 0.1509 0.4596 0.2286 0.9309 0.4901 0.7864 1.1106 0.0719 0.6252 0.0018 2.8791 1.6714 0.3129 0.0000 0.3844 0.4117 0.2900 1.4920 1.0527 0.5022 1.4934 0.4126 0.0399 0.9461 1.0351 0.8613 1.7413 0.3710 0.5293 0.7900 1.3910 1.1600 1.4306 0.0896 0.0061 0.6701 1.2546 1.0341 0.5046 1.6215 0.0071 0.1616 0.2456 0.6520 0.8016 0.2926 0.7728 0.6231 0.5641 0.3247 0.6411 2.3292 1.1789 2.1345 0.6453 0.7785 0.5656 1.7491 0.1288 0.4878 0.8137 0.5971 1.3943 0.8596 0.4101 0.4281 1.2019 0.1391 0.4297 1.3952 0.2664 0.2646 1.6661 1.4245 2.0023 0.9897 1.3823 1.3912 0.7424 1.7877 0.6115 0.1274 1.7631 0.9911 0.2771 0.6594 1.9456 0.1803 1.0549 1.7776 0.2153 0.4976 1.3425 1.2551 0.6050
1.0774 0.1580 0.1943 0.6637 0.0965 1.2044 0.9371 1.1530 0.0013 0.3269 0.1699 1.2479 1.4174 0.0881 0.6742 2.0978 0.1240 0.5238 0.3844 0.0000 0.8223 0.1015 0.2193 0.1939 0.6784 1.2363 1.0068 0.3822 0.9242 0.4813 1.1117 0.2401 0.1048 1.2878 1.0162 0.7169 0.7526 1.2360 0.6326 0.4385 0.2281 1.7010 1.4564 0.0681 1.0099 0.8182 0.0325 0.7067 0.4165 0.3409 0.5184 0.0738 0.5064 0.8996 1.1395 0.9239 1.3868 0.5301 0.9167 0.0371 0.0433 0.5742 2.0302 0.7035 0.5272 0.2656 0.1873 0.9643 0.1188 0.6778 0.7611 0.2418 0.8408 0.1757 0.8278 0.6939 0.9527 1.1135 0.5718 0.2302 0.6213 0.5227 0.8134 0.7432 2.0229 2.0759 1.7994 0.1450 0.8313 0.3058 1.1126 0.3867 0.6232 0.2888 0.1118 0.9816 0.4310 0.0365 1.6692 1.0027
0.2820 0.4571 0.4322 1.5988 0.3815 0.3559 0.4902 0.7244 0.5578 0.2431 0.3324 0.5259 1.7890 0.3520 0.0011 1.1932 0.6849 0.6310 0.4117 0.8223 0.0000 0.6885 1.5306 1.7320 0.4673 0.4128 1.4227 1.3174 1.4378 0.4929 0.4697 2.1592 1.4724 0.8067 0.6412 0.4882 0.6661 0.7647 1.8463 2.6965 0.1643 0.7253 1.0760 0.8463 1.9210 1.0478 0.8398 0.2737 0.2616 0.4508 0.6847 0.7369 0.5912 1.7255 0.3594 0.1474 1.1481 0.2860 2.4969 1.7208 0.3899 0.2020 1.4218 0.0638 1.5801 0.3266 2.8179 0.4703 0.8741 1.2135 0.3162 0.2130 0.6681 1.9950 1.0992 0.7175 0.5848 1.7847 1.4828 0.8074 2.1730 0.9429 0.7644 0.4859 0.0785 0.3397 0.5104 0.3944 1.1853 0.4844 1.0770 0.0605 1.3525 0.2369 0.3350 2.1827 0.0804 0.2333 0.6739 0.8901
0.4294 1.7515 1.7187 0.5921 1.2342 1.5198 0.3979 0.6106 0.5036 0.6992 1.2313 1.5140 1.0422 1.8348 0.0536 0.8043 1.7183 0.0635 0.2900 0.1015 0.6885 0.0000 1.3138 0.8658 0.3254 1.0842 1.1554 0.5842 1.2290 1.5215 2.2740 0.3367 0.4091 0.3573 0.7629 1.4093 0.0366 0.7291 1.2586 0.4422 0.9923 0.8595 0.6037 0.1297 1.6291 0.0324 0.4048 0.8603 0.1766 0.0354 1.6205 0.2278 0.4603 1.3558 0.0064 1.1432 0.2670 0.2109 0.0698 2.1326 0.9769 0.3555 2.5309 0.6390 0.3923 0.5599 0.9654 1.4582 1.0589 0.2442 0.9062 0.2885 0.8732 0.0567 1.2020 1.3502 1.3966 1.0920 0.9799 0.4611 0.9560 0.4579 0.2340 0.3376 1.6847 0.1173 0.9599 0.1582 0.2126 0.3353 0.7060 0.4392 0.5129 0.6718 2.0018 0.3678 0.5598 0.3101 0.2849 0.3387
1.1641 0.2486 0.1161 0.3855 0.6121 0.4473 0.1296 2.0535 1.4614 0.5704 0.3301 0.8166 2.0882 0.8004 0.4688 0.3895 0.3860 0.4992 1.4920 0.2193 1.5306 1.3138 0.0000 1.3858 0.8845 1.4832 0.3778 1.1733 0.7424 1.8902 0.8857 0.0868 0.3389 0.0907 0.5615 0.5883 0.3233 1.0293 0.5478 2.0171 1.4813 1.3154 1.7864 0.6312 0.4900 0.6982 0.8906 2.0100 0.0104 0.6414 0.7657 0.1061 0.5623 0.2496 1.0228 0.8185 0.4478 1.1338 0.5142 1.6270 0.6417 0.3443 0.4989 0.2076 1.0580 0.1251 1.0919 0.4016 0.5750 2.3240 0.8629 0.8432 1.6060 0.5117 0.0483 1.1982 0.4447 0.9011 0.0169 1.8544 0.7215 0.7197 0.4493 0.1898 0.3522 0.3769 1.2752 2.1225 0.9245 0.5893 0.4257 0.2311 1.9307 2.2914 1.1074 0.2024 0.1600 0.4326 0.1399 0.0232
1.3257 0.3428 0.1164 0.5788 0.2167 1.7875 2.5705 1.0015 1.2632 0.7619 0.0716 1.4734 0.6238 0.8549 0.0553 0.2783 1.2833 0.4107 1.0527 0.1939 1.7320 0.8658 1.3858 0.0000 1.1907 0.6784 0.7337 1.9818 1.7347 0.6613 0.1730 0.7484 0.3576 1.1882 1.7986 0.0198 0.1101 1.4141 0.9517 1.1936 0.2060 0.6850 1.3034 2.2270 0.4524 0.0553 0.3899 0.6607 0.5020 0.9920 0.2016 1.1955 1.3900 0.3135 0.2986 2.0665 0.6825 0.2850 0.6311 0.2721 1.4968 0.5257 0.8636 0.2059 0.7716 0.3067 0.6414 0.6871 0.4432 0.6909 1.1960 0.5400 0.1409 0.7230 0.2781 0.8592 1.6408 0.5007 0.1448 0.0070 0.6720 0.1056 1.4909 0.7161 0.0036 0.3797 0.9794 0.0842 1.2724 1.2683 0.4420 1.4913 0.6302 0.3095 0.2357 1.0725 0.5155 1.0023 0.1333 0.4098
0.5449 1.4987 0.5114 0.7858 0.5202 0.0889 0.8328 0.1774 0.1793 0.3261 0.3922 0.6166 1.5207 0.8056 0.4650 0.4637 0.7838 0.7259 0.5022 0.6784 0.4673 0.3254 0.8845 1.1907 0.0000 0.2234 1.3566 0.1485 0.7334 1.1335 0.3758 0.0194 2.2177 0.4206 1.8126 1.0631 0.4822 0.6261 0.5970 0.8007 1.5195 0.6517 0.9742 0.0868 1.4110 0.0800 0.5424 0.0514 2.1478 0.4959 0.4576 0.2674 0.3826 1.1349 1.2487 0.7835 1.4716 0.3940 0.6259 0.6693 0.3712 0.1247 0.2678 0.4276 0.7820 0.2570 0.1905 0.9772 0.9381 0.8366 0.5477 1.5239 1.4141 0.3416 1.8293 1.6298 0.3628 1.1586 0.3466 0.3179 1.6684 0.5578 1.7901 1.5857 1.4463 2.1957 0.3101 0.4143 2.0925 1.9296 0.0481 0.9035 0.7841 1.2436 0.5429 0.4564 0.2857 0.0737 0.1219 1.0092
2.1133 0.6699 1.2480 1.5630 0.2996 2.2599 0.6730 0.8187 1.3127 0.2824 1.4014 1.3532 1.0776 1.1146 0.6329 0.2749 0.7142 0.6814 1.4934 1.2363 0.4128 1.0842 1.4832 0.6784 0.2234 0.0000 1.9965 0.7049 0.2783 0.2158 0.5949 1.2205 1.0871 0.2580 1.1142 0.8098 0.8895 0.3291 1.3574 0.1101 1.1865 0.8156 1.6487 0.3308 0.0916 0.0373 0.9634 0.4445 2.5376 0.1687 0.2605 0.2573 1.4870 1.5041 1.2570 1.1651 2.0163 0.2825 1.2348 0.8339 1.4935 1.0742 0.5945 1.1923 0.1208 1.2597 0.4455 1.1400 0.4302 1.6766 0.5880 1.2315 0.7254 1.0535 0.9013 0.7357 0.4481 1.3642 0.0871 1.3904 0.5831 1.5970 0.6570 1.6352 0.9279 0.7789 1.0856 1.8154 0.5027 0.6561 0.7709 1.1896 0.1174 1.2034 0.3678 0.3700 0.0769 0.1126 0.6085 1.2425
0.6936 0.6855 1.4874 1.0879 1.5209 0.9031 0.0853 0.5474 0.6983 0.3216 0.7681 0.0680 0.2409 1.0989 0.5098 1.3255 1.2451 0.1475 0.4126 1.0068 1.4227 1.1554 0.3778 0.7337 1.3566 1.9965 0.0000 0.3883 0.6363 0.0560 0.6134 0.4734 0.7701 0.3000 0.1533 1.1363 0.5393 0.3232 0.9504 0.6760 0.7469 0.1631 0.2634 0.4702 0.3490 0.8576 0.8253 0.9550 0.7068 1.3253 0.5374 2.3387 0.2399 0.8599 1.6805 0.9782 0.7057 1.8073 0.4119 1.1594 0.2837 0.6365 0.4264 0.7873 1.2470 0.1730 0.4550 1.1326 1.2068 1.5219 0.6279 1.0420 0.2414 1.3925 1.5204 0.8578 0.2217 0.8033 1.0780 1.5510 0.6676 2.4354 0.9614 0.9578 0.1000 1.1675 0.6394 1.9800 0.2362 0.9473 0.7354 0.9428 1.5623 2.6570 0.1217 0.3237 0.4685 1.0144 1.2052 0.1145
0.3699 0.9776 1.1903 0.2437 0.2862 1.0138 1.1952 0.6675 1.2087 0.3267 0.7155 0.1767 0.6204 1.1302 0.0209 0.5859 1.3918 0.2723 0.0399 0.3822 1.3174 0.5842 1.1733 1.9818 0.1485 0.7049 0.3883 0.0000 0.6003 1.7508 1.4969 0.2736 2.2348 0.9058 1.0373 1.3444 0.6613 0.5080 0.9794 0.5759 1.0552 0.1532 1.5968 0.5715 0.8749 2.1936 1.4747 0.6825 0.5580 1.0531 0.9702 0.1555 0.3057 0.5000 0.7733 1.2270 1.7874 1.4826 0.0925 0.8715 0.5761 0.3909 0.5585 1.5775 0.3380 0.1883 0.1364 0.9768 0.2100 0.2238 1.5724 0.8054 2.0992 1.8246 0.0907 0.6721 1.1978 0.3487 1.9275 1.2432 0.4569 0.3598 0.5108 1.1680 0.3190 0.3690 1.2852 1.8001 0.2688 0.1967 0.4698 0.1719 0.2700 0.6698 0.5912 2.2869 1.1165 0.2409 0.0276 0.3011
0.5730 1.7071 1.2682 2.1076 0.3523 0.2097 0.1765 0.6541 0.0023 0.6342 0.5101 0.3428 0.5228 0.9567 0.1002 0.9052 1.0149 0.9633 0.9461 0.9242 1.4378 1.2290 0.7424 1.7347 0.7334 0.2783 0.6363 0.6003 0.0000 1.0805 0.1654 0.5041 0.7066 1.2840 0.6380 0.2367 0.4549 1.0997 1.4065 1.1650 2.2919 1.4619 0.7424 1.7645 0.1945 0.4957 0.2047 0.0310 0.2568 0.6102 0.3071 0.9807 0.6871 0.6202 1.2742 0.1290 0.2724 0.4145 0.9610 1.2128 0.7953 1.6533 0.8288 1.0227 1.9788 0.0145 1.8502 0.8786 1.2290 0.3367 3.0895 0.4037 1.8012 1.6107 0.2396 0.7282 0.8062 0.6544 0.3170 1.1493 0.2456 1.4885 0.7706 2.0341 0.0056 1.4562 2.0138 0.9016 0.5383 0.9870 1.2239 0.2241 0.5682 0.1144 0.5626 0.4930 0.4040 1.2661 0.5476 0.2033
1.7878 0.2129 1.0000 0.5845 0.8101 0.4076 1.4202 0.1936 1.2206 1.5612 0.5714 0.6692 0.5561 0.4463 0.2016 0.6325 0.6549 0.4412 1.0351 0.4813 0.4929 1.5215 1.8902 0.6613 1.1335 0.2158 0.0560 1.7508 1.0805 0.0000 0.1956 0.6532 0.2050 0.1674 1.9020 1.1574 0.9587 0.5193 0.2844 0.0666 0.0946 0.1913 0.6581 0.2200 1.1564 1.4073 0.9108 0.6660 1.2418 0.2424 0.9604 0.9205 1.0734 0.2041 0.2893 0.1354 1.7937 0.8178 0.1811 0.8005 1.3279 0.2583 1.2881 1.1016 0.2766 0.3013 1.4208 1.8172 0.5752 0.2356 2.9407 1.0561 0.9859 0.9277 1.3370 0.3947 0.1540 2.3338 2.6539 0.3309 0.3112 0.1375 1.3759 0.1761 0.6573 1.5536 0.2749 1.0143 1.0335 0.5523 1.5236 0.3799 0.4362 1.2384 1.4205 0.5061 0.2284 1.4226 0.4869 1.5208
0.7446 0.9846 0.5343 0.1654 0.3762 0.3855 0.5828 0.5278 1.2102 0.9253 1.1048 0.4476 0.2434 0.9379 0.0456 0.3806 0.4493 0.7845 0.8613 1.1117 0.4697 2.2740 0.8857 0.1730 0.3758 0.5949 0.6134 1.4969 0.1654 0.1956 0.0000 1.1901 0.1242 0.1712 0.2903 0.1612 1.4459 0.0654 2.1523 0.7062 2.2130 0.5278 1.0366 0.5954 0.5246 0.0564 0.4640 0.1269 1.7891 0.4007 0.3513 0.1111 0.8259 2.0806 0.1867 0.1158 0.8271 0.4713 0.8582 0.2913 0.5019 0.2175 0.5788 1.4616 1.8038 0.1521 0.4025 0.3039 1.1095 0.7493 1.0315 1.0417 0.4799 0.3905 2.2951 0.8800 1.4404 0.2757 1.2957 1.5806 1.6416 0.4539 0.1084 1.6774 1.9926 0.2074 1.3046 0.7488 0.7620 1.1897 1.9715 0.2356 0.2694 0.1675 1.1186 0.7770 1.8437 0.5486 0.2162 0.5208
0.0159 0.3759 0.2176 1.4026 1.3130 2.2447 0.3391 1.1203 1.0495 2.4032 0.1038 1.1893 0.5684 0.5176 0.0416 0.9974 0.0854 1.0448 1.7413 0.2401 2.1592 0.3367 0.0868 0.7484 0.0194 1.2205 0.4734 0.2736 0.5041 0.6532 1.1901 0.0000 0.9877 1.0714 0.7636 1.7231 1.3400 0.3937 2.0640 1.1249 1.0054 1.2003 0.0315 0.4119 1.0084 0.1460 0.4093 0.3539 0.9661 0.2509 0.9546 0.8336 0.0393 0.3420 0.1830 1.2312 0.5409 0.8158 0.7518 1.2123 0.2704 0.0218 0.8222 0.2025 0.3030 0.6009 1.5991 0.8295 0.8628 0.5807 0.1468 0.6413 0.3129 1.3227 0.5673 0.2275 0.6001 0.4848 2.3725 0.1640 0.6850 0.9291 0.1740 1.6089 1.4711 0.2133 0.0515 0.4986 0.1180 1.4260 0.8850 2.1126 0.1320 0.3224 0.7675 0.9493 1.6974 0.6583 0.2572 1.9038
0.9843 0.7379 0.6209 0.0247 2.0248 0.1138 1.8790 1.0842 0.1157 0.8253 0.0843 0.2583 1.7562 1.4862 0.2984 2.2911 2.2293 0.4799 0.3710 0.1048 1.4724 0.4091 0.3389 0.3576 2.2177 1.0871 0.7701 2.2348 0.7066 0.2050 0.1242 0.9877 0.0000 0.7313 0.8036 0.3298 0.0539 0.8889 1.0227 0.3981 0.1847 1.3823 0.8528 0.5024 1.9414 0.6495 2.6352 0.7062 0.1740 0.5979 1.9391 1.0047 0.4665 1.7569 0.4562 0.4944 0.9586 2.1138 0.6234 0.5303 0.6308 0.4873 2.0435 0.7124 0.9679 1.1356 0.5004 2.2413 0.2908 0.8203 0.3381 0.9912 1.5454 0.3107 0.1036 0.6941 3.0939 0.3751 0.0449 0.9044 0.2421 0.1324 0.2899 0.3782 0.0865 1.1538 1.5678 0.5427 1.5165 0.0724 0.8345 0.4473 1.1884 0.4528 0.5884 1.9920 0.0131 1.2098 0.4830 0.5759
1.5716 1.0270 0.5977 1.1215 0.4609 0.8005 1.5577 2.0051 0.9582 0.1763 0.7834 0.3363 0.7356 0.0206 0.0574 0.8310 0.9769 0.7414 0.5293 1.2878 0.8067 0.3573 0.0907 1.1882 0.4206 0.2580 0.3000 0.9058 1.2840 0.1674 0.1712 1.0714 0.7313 0.0000 1.3551 0.9357 0.1349 1.0363 0.0620 1.1525 0.3581 0.9774 0.5713 0.8347 0.8705 1.5334 0.2780 0.7230 0.6184 0.6169 0.5859 0.5485 1.7508 1.3298 1.0531 0.8587 0.9891 1.3876 0.3179 1.7161 1.0442 1.2032 1.0212 1.4173 0.2180 0.7131 2.0104 1.4051 0.9178 0.0812 0.5520 0.3383 2.2066 0.8563 0.7938 0.3313 0.4720 0.1515 0.6396 0.2519 1.4464 1.7193 2.5484 0.0808 1.0595 1.3323 0.0100 0.2845 0.6024 0.2097 0.4145 1.8599 0.0349 0.4207 0.6994 1.6419 0.8805 0.3653 0.1769 1.2879
0.1099 0.1136 0.1277 0.6341 0.5150 0.2232 1.4855 0.7567 0.0548 0.8562 0.6922 0.1737 1.8923 0.1877 0.4467 1.7631 0.8564 0.6352 0.7900 1.0162 0.6412 0.7629 0.5615 1.7986 1.8126 1.1142 0.1533 1.0373 0.6380 1.9020 0.2903 0.7636 0.8036 1.3551 0.0000 0.4453 0.1668 0.3518 0.2602 0.3836 1.1145 0.3333 1.0201 0.1400 0.9092 0.2015 0.2528 0.1315 1.5160 0.9011 1.1717 0.3860 1.2031 1.1794 0.4636 0.5671 0.3766 0.3244 0.7801 0.4758 1.6986 0.2247 0.8459 2.4100 0.7126 0.2360 0.4793 0.3962 0.7413 0.4935 1.3600 0.1367 0.4981 0.6659 0.3909 0.1879 0.7784 0.2197 0.5327 0.3547 1.0054 0.0769 0.9289 0.4998 0.1066 0.4695 0.0131 2.0422 0.2201 0.7947 1.9828 0.5855 0.0191 0.0776 0.2573 0.2895 1.2263 1.0657 1.6183 0.1450
1.1890 0.9185 0.1955 1.8593 0.0916 1.9048 0.5172 0.5171 0.6564 2.5676 0.1745 0.9878 0.7043 0.4683 1.6858 0.6860 0.7545 0.4103 1.3910 0.7169 0.4882 1.4093 0.5883 0.0198 1.0631 0.8098 1.1363 1.3444 0.2367 1.1574 0.1612 1.7231 0.3298 0.9357 0.4453 0.0000 0.3012 0.2220 0.2304 0.8815 1.6401 1.1423 1.1011 1.8220 0.2231 0.4982 0.1316 1.9988 1.2574 0.5795 0.9956 0.1561 0.3793 2.7418 0.6864 1.1064 1.3086 0.3063 1.4287 1.0258 1.5683 0.7258 0.9187 0.6462 1.8367 0.6756 0.8820 1.1324 1.0024 0.0319 1.5831 0.1341 0.0672 0.7285 1.3587 0.2952 0.7751 0.0687 0.4339 1.7667 0.0638 0.7135 0.1842 0.5594 0.5347 1.0558 0.5340 0.4487 2.3213 0.1987 0.7580 0.2149 0.3595 0.1062 0.4661 1.8950 0.6343 0.1564 0.7863 0.1959
1.9085 0.9498 0.1290 1.5736 0.4933 0.2908 2.2233 0.3367 0.1663 1.2611 0.4568 0.8137 0.4176 0.0764 1.5586 0.5805 1.0279 1.6458 1.1600 0.7526 0.6661 0.0366 0.3233 0.1101 0.4822 0.8895 0.5393 0.6613 0.4549 0.9587 1.4459 1.3400 0.0539 0.1349 0.1668 0.3012 0.0000 0.1060 1.3800 0.1783 0.8867 1.0391 0.5691 1.6234 2.1029 0.3940 0.4798 1.3488 0.7969 0.7770 0.4918 1.1687 1.2906 0.5378 0.4720 0.8950 1.3613 0.8458 0.3994 0.4236 2.4527 1.0614 2.0860 1.3290 1.3869 0.9423 0.1012 0.1476 1.5910 0.8206 0.1266 0.3387 0.6759 1.3260 2.4502 0.2014 0.4756 1.3447 1.6591 1.1102 0.4071 1.2894 0.5082 1.5609 1.9743 1.6700 0.6161 0.7259 0.5978 0.0219 0.4759 0.0054 1.6207 1.1772 1.4197 1.0835 0.4860 0.0844 0.1569 0.4427
1.1642 1.6352 0.2416 0.8360 0.2446 0.1969 0.2933 0.6048 0.0078 0.5673 0.0881 0.2548 1.1774 0.1788 0.3649 0.5133 0.0374 1.0944 1.4306 1.2360 0.7647 0.7291 1.0293 1.4141 0.6261 0.3291 0.3232 0.5080 1.0997 0.5193 0.0654 0.3937 0.8889 1.0363 0.3518 0.2220 0.1060 0.0000 0.6141 1.0179 1.3427 1.6862 1.1467 0.0810 0.7562 0.3089 1.0022 1.1512 0.7740 0.2017 0.8665 1.3230 0.0801 0.6564 0.8307 1.6937 0.6560 0.3895 0.1173 1.3512 0.2396 0.4519 0.5733 0.6096 0.3258 0.7313 1.6342 0.7369 1.2686 0.1937 1.0729 0.6269 1.0012 0.8927 0.6833 0.3922 0.9312 1.0307 0.3604 1.2646 0.2237 0.7161 0.2276 0.3973 0.2753 0.1409 1.7483 2.8562 0.7508 1.4713 2.0163 1.2860 0.4831 1.9441 0.3803 0.9725 0.4723 0.9109 0.1177 0.2768
0.4867 1.4410 1.5865 0.3861 2.1369 0.6064 1.0094 1.4655 1.2470 0.2794 0.8844 1.4527 1.2828 0.6772 0.2934 0.2608 0.8053 1.0665 0.0896 0.6326 1.8463 1.2586 0.5478 0.9517 0.5970 1.3574 0.9504 0.9794 1.4065 0.2844 2.1523 2.0640 1.0227 0.0620 0.2602 0.2304 1.3800 0.6141 0.0000 1.3752 0.7177 0.9212 0.3457 1.0380 0.0208 0.7470 0.3181 0.5874 0.9526 0.5582 1.1705 0.0458 0.2467 1.5024 1.5404 0.0856 0.0742 2.3686 0.0744 1.4736 1.4098 0.0129 0.3376 0.3123 1.7776 0.5667 1.0219 0.6240 1.2712 0.3011 0.5672 1.1620 1.2590 0.6466 0.0201 0.6329 0.6850 0.1161 1.3239 0.9333 0.1288 0.4964 0.4677 0.0436 0.9599 0.1486 0.2841 0.0856 1.6918 1.4370 0.2380 1.4086 2.8185 1.5186 0.3381 0.8528 0.4627 0.9960 1.0543 0.6391
1.3622 0.3557 1.5090 0.5715 1.0096 0.9213 0.5547 0.2964 0.5336 0.7089 0.9347 0.6398 0.5360 1.2430 0.4132 1.5763 1.2686 0.9486 0.0061 0.4385 2.6965 0.4422 2.0171 1.1936 0.8007 0.1101 0.6760 0.5759 1.1650 0.0666 0.7062 1.1249 0.3981 1.1525 0.3836 0.8815 0.1783 1.0179 1.3752 0.0000 0.3463 0.2854 0.7764 1.1696 0.3694 0.9098 2.3552 0.5896 0.2260 0.5348 0.4417 1.0552 1.0331 1.1865 0.8629 0.3963 0.1950 0.9705 0.9958 0.7344 0.9892 0.7908 0.5467 0.8022 0.4484 0.7884 1.1024 0.3611 1.8138 0.9351 0.1080 0.5768 2.5726 1.6898 1.0739 0.7394 1.5686 0.8031 0.4034 0.0377 0.2321 1.7122 0.6640 1.3336 0.0928 0.4242 1.4943 1.6459 0.3083 1.5376 0.6931 0.1209 0.4061 0.3045 0.8150 0.2761 0.0444 1.0374 1.1837 0.6418
1.1233 0.6430 0.0242 0.5891 0.5241 0.0809 1.5216 0.0958 0.7239 0.2881 0.6746 0.0677 1.6101 0.0700 0.9907 0.0216 0.6888 0.3333 0.6701 0.2281 0.1643 0.9923 1.4813 0.2060 1.5195 1.1865 0.7469 1.0552 2.2919 0.0946 2.2130 1.0054 0.1847 0.3581 1.1145 1.6401 0.8867 1.3427 0.7177 0.3463 0.0000 0.8156 1.2117 0.3435 0.7919 0.0910 0.1944 0.3221 1.2333 1.1743 1.0729 0.5591 0.8839 0.3891 0.9731 0.6629 1.2415 0.0874 0.0677 0.0698 1.0161 0.0279 0.1070 0.4259 0.5424 1.4139 0.3600 0.9969 0.6062 0.3095 1.1063 0.6683 0.8790 0.8284 0.7916 0.6930 1.8570 1.8520 0.5293 0.7181 1.3608 0.1283 0.3659 0.1340 1.1752 0.8000 1.0996 0.3161 0.3692 1.2673 0.6345 1.2499 0.1118 0.9150 0.8159 0.5242 1.5911 1.3352 0.4291 0.7265
0.3226 0.3414 0.0418 0.1838 0.2037 0.3501 0.0278 2.4082 1.5314 0.4533 0.1861 0.0367 1.8865 0.9310 1.2994 0.1910 0.2215 0.3118 1.2546 1.7010 0.7253 0.8595 1.3154 0.6850 0.6517 0.8156 0.1631 0.1532 1.4619 0.1913 0.5278 1.2003 1.3823 0.9774 0.3333 1.1423 1.0391 1.6862 0.9212 0.2854 0.8156 0.0000 0.5264 0.3631 2.6431 0.8302 0.3352 0.4974 0.2536 1.4364 0.5455 0.7479 0.8758 1.1518 0.1699 0.0429 0.0497 1.0976 1.3031 1.2222 0.1605 0.9283 0.5546 0.0280 1.1494 0.3243 1.7708 0.2359 0.2084 0.0117 0.0281 2.2878 0.5563 0.5505 2.1987 0.0691 0.8725 1.7628 1.1465 2.3325 0.2470 0.5300 0.5875 0.0345 0.6195 0.2988 0.2347 0.8018 0.6027 1.6371 0.5888 0.8377 0.3933 1.6376 3.0672 0.4441 0.4329 1.4374 0.9599 0.3001
0.1130 0.6804 1.4112 0.5923 0.6936 0.6607 0.7430 0.1922 0.0085 0.4791 0.6088 0.0812 0.1332 0.3836 0.1488 1.3940 1.4007 0.7839 1.0341 1.4564 1.0760 0.6037 1.7864 1.3034 0.9742 1.6487 0.2634 1.5968 0.7424 0.6581 1.0366 0.0315 0.8528 0.5713 1.0201 1.1011 0.5691 1.1467 0.3457 0.7764 1.2117 0.5264 0.0000 0.5687 0.0792 1.3570 1.6570 0.3532 0.1548 0.2953 0.6436 1.2461 1.3874 0.6508 0.8937 0.9594 0.6276 1.0411 0.2674 0.7711 0.6620 1.3115 0.6548 1.3036 1.0239 0.5107 0.6444 0.4875 1.5686 0.2113 0.9588 2.6472 1.6068 2.1630 0.0233 0.8202 0.0922 0.2509 0.1106 0.3870 1.3689 0.8191 0.2855 0.0557 0.1790 0.9711 1.4621 0.5361 2.1336 1.0692 0.3627 0.3166 0.6378 0.2031 1.2133 0.4322 0.8720 0.2077 0.1841 2.3022
0.6626 0.8164 0.3690 0.3566 0.3152 0.7373 0.5385 0.2631 0.4493 0.2479 0.4785 0.4664 0.7791 0.3868 0.0969 0.8108 0.3707 0.8100 0.5046 0.0681 0.8463 0.1297 0.6312 2.2270 0.0868 0.3308 0.4702 0.5715 1.7645 0.2200 0.5954 0.4119 0.5024 0.8347 0.1400 1.8220 1.6234 0.0810 1.0380 1.1696 0.3435 0.3631 0.5687 0.0000 1.0628 0.4079 0.5862 1.0260 0.9270 0.0616 0.9788 1.0058 0.7828 0.3425 0.9135 0.7405 0.0004 1.3443 1.5350 1.1267 0.9235 0.4671 0.1324 0.6658 0.1767 0.4144 0.1066 1.3593 0.3126 1.1501 0.7045 0.1882 0.6739 0.0323 0.4096 0.9366 1.0642 1.0869 1.8623 0.5994 2.6127 1.1196 0.7209 1.3768 0.6258 0.9847 2.1082 0.6681 0.7432 1.2064 0.3736 1.1802 0.1007 0.5553 0.7372 0.5402 1.5543 0.5459 1.0870 0.2335
0.4340 0.5626 0.4985 1.0717 1.0539 0.4885 0.2685 0.5928 0.3158 0.2046 0.0537 0.3019 1.0100 0.2680 0.5625 1.4340 0.2787 0.3848 1.6215 1.0099 1.9210 1.6291 0.4900 0.4524 1.4110 0.0916 0.3490 0.8749 0.1945 1.1564 0.5246 1.0084 1.9414 0.8705 0.9092 0.2231 2.1029 0.7562 0.0208 0.3694 0.7919 2.6431 0.0792 1.0628 0.0000 1.3845 0.6810 0.7556 1.0904 0.7485 0.4696 3.0565 2.0555 0.3149 1.4591 0.7799 1.3248 0.8862 0.9103 0.2834 1.4990 1.1968 3.3968 1.1251 1.6001 0.4716 1.4317 1.6487 1.9130 0.0939 0.6030 0.2343 0.5891 1.8056 0.0452 1.3708 0.0340 0.3948 1.7142 0.7669 0.6121 0.2425 0.7240 0.5441 0.3135 0.2341 0.7269 0.7757 0.4487 2.4892 0.8837 2.1402 0.4877 0.7445 1.4714 0.5049 1.0896 1.1441 1.1521 0.7816
0.6204 0.6474 0.4394 0.1520 1.4479 0.0227 1.2037 1.0761 0.4037 0.1935 0.3142 0.1379 1.5050 0.6117 1.1350 1.4307 0.6040 0.2489 0.0071 0.8182 1.0478 0.0324 0.6982 0.0553 0.0800 0.0373 0.8576 2.1936 0.4957 1.4073 0.0564 0.1460 0.6495 1.5334 0.2015 0.4982 0.3940 0.3089 0.7470 0.9098 0.0910 0.8302 1.3570 0.4079 1.3845 0.0000 0.5973 1.5359 0.9568 0.1181 0.6216 0.2674 0.0996 0.7291 0.0678 0.5141 2.0610 0.1271 1.0018 0.1396 1.1992 1.4904 0.1050 1.0611 0.9668 0.4932 0.9827 0.9087 0.3490 2.0837 0.5101 1.1007 1.9612 1.1068 0.2760 0.3751 0.7965 0.8630 0.1450 0.5183 0.3723 1.4944 0.7310 1.4898 0.5223 1.0272 0.6469 0.9073 0.8420 1.0543 0.5010 0.3362 0.6018 2.3797 1.0227 0.9158 2.4027 0.2751 2.5599 0.4656
2.5707 0.2508 0.3604 0.7993 0.6834 1.3933 1.6654 0.6561 0.8146 1.6698 0.3725 0.2791 0.2912 0.2842 1.5211 0.4058 0.6349 0.9674 0.1616 0.0325 0.8398 0.4048 0.8906 0.3899 0.5424 0.9634 0.8253 1.4747 0.2047 0.9108 0.4640 0.4093 2.6352 0.2780 0.2528 0.1316 0.4798 1.0022 0.3181 2.3552 0.1944 0.3352 1.6570 0.5862 0.6810 0.5973 0.0000 0.4145 0.0010 0.7083 1.7519 0.1009 1.3831 2.2592 0.5358 1.4908 0.7926 0.2722 1.6997 0.3102 2.1254 1.4265 2.0667 1.3768 0.6152 0.9800 0.6965 1.6233 0.7950 0.9293 0.5576 0.1216 3.3927 0.7194 2.0570 1.2427 1.5915 1.0804 1.8009 0.1347 0.9208 0.1828 0.7664 0.0500 0.3993 0.3485 0.9945 1.2779 0.6797 0.7069 0.9450 0.9549 0.2698 0.1093 1.6056 0.6988 1.9130 2.5070 0.3775 2.8455
0.1710 1.0275 0.6329 0.9485 0.9751 0.9009 0.6274 0.5362 0.1671 1.5408 0.1577 0.4154 0.4114 0.3358 0.0152 1.4124 0.3628 2.2352 0.2456 0.7067 0.2737 0.8603 2.0100 0.6607 0.0514 0.4445 0.9550 0.6825 0.0310 0.6660 0.1269 0.3539 0.7062 0.7230 0.1315 1.9988 1.3488 1.1512 0.5874 0.5896 0.3221 0.4974 0.3532 1.0260 0.7556 1.5359 0.4145 0.0000 1.5712 0.0546 0.5174 2.2168 0.6092 0.7947 0.3133 0.9023 1.5819 0.8341 0.7437 0.6686 1.4883 0.6248 1.5164 1.0428 0.2434 1.7573 0.7181 2.0065 0.6127 1.0175 1.4471 0.4405 1.2365 0.4899 1.4404 0.5341 0.3972 0.3246 0.2332 0.8117 1.0393 1.4892 1.6365 0.6038 0.6195 1.5841 0.5296 0.5282 0.5420 0.8819 1.4692 0.5264 1.7305 0.5886 0.3952 0.4984 0.8721 0.6810 0.0404 2.0892
0.5278 0.7778 0.2946 0.2361 0.9808 0.2271 0.2288 0.1650 1.1455 0.2916 1.2543 0.3032 1.4188 0.6123 1.0742 0.2771 0.7689 0.3243 0.6520 0.4165 0.2616 0.1766 0.0104 0.5020 2.1478 2.5376 0.7068 0.5580 0.2568 1.2418 1.7891 0.9661 0.1740 0.6184 1.5160 1.2574 0.7969 0.7740 0.9526 0.2260 1.2333 0.2536 0.1548 0.9270 1.0904 0.9568 0.0010 1.5712 0.0000 0.8994 0.2124 1.1553 1.2025 0.3263 0.5983 1.6234 0.4932 0.4053 1.2311 0.2482 0.5833 0.3184 0.2138 2.5896 1.5799 1.3064 0.9601 1.5998 0.0298 0.9353 0.9742 2.0618 0.1104 0.2261 1.3009 0.5003 1.0325 0.6931 1.9360 0.0658 1.7949 0.0737 0.2350 1.2067 0.1410 0.2032 1.4863 1.7529 1.5093 0.1683 0.7637 1.0503 0.5028 0.0093 1.3492 0.4914 0.2892 0.5914 0.5409 0.9749
1.0188 0.8101 0.7550 0.7960 0.8552 1.6570 0.9764 0.8270 2.4006 1.5692 0.9907 0.4038 1.8768 0.9586 1.1392 1.1389 0.2148 0.4594 0.8016 0.3409 0.4508 0.0354 0.6414 0.9920 0.4959 0.1687 1.3253 1.0531 0.6102 0.2424 0.4007 0.2509 0.5979 0.6169 0.9011 0.5795 0.7770 0.2017 0.5582 0.5348 1.1743 1.4364 0.2953 0.0616 0.7485 0.1181 0.7083 0.0546 0.8994 0.0000 0.6989 1.6143 1.4375 0.1589 1.3933 0.8973 0.5685 0.3170 0.4264 0.8298 1.2136 0.6173 0.1428 3.2999 0.0079 0.3536 0.5699 1.2238 1.2407 1.6952 0.6719 1.7093 0.4383 0.5977 0.3933 0.0724 0.2130 3.5366 0.8870 0.1863 1.8921 0.4536 0.0161 1.5796 1.0140 0.3346 1.4139 1.2117 1.9101 1.0293 0.5727 0.1646 1.1384 0.4143 0.6197 1.5124 0.8879 1.5782 0.5548 0.6457
0.0820 0.5996 0.6384 0.2181 1.7728 0.7061 0.3072 0.3721 1.6403 1.7970 0.3501 0.3287 0.2912 0.1305 0.3387 0.0564 0.4831 0.1928 0.2926 0.5184 0.6847 1.6205 0.7657 0.2016 0.4576 0.2605 0.5374 0.9702 0.3071 0.9604 0.3513 0.9546 1.9391 0.5859 1.1717 0.9956 0.4918 0.8665 1.1705 0.4417 1.0729 0.5455 0.6436 0.9788 0.4696 0.6216 1.7519 0.5174 0.2124 0.6989 0.0000 0.9480 0.9956 1.5100 1.5907 1.8857 0.5922 0.9353 1.8102 2.7936 0.8855 1.5522 0.6962 1.4054 0.5242 1.3498 1.6900 0.4173 0.2547 0.3418 0.7645 0.7092 1.0726 1.5098 0.3705 1.3555 0.3433 0.6261 0.4511 0.5649 1.0729 0.9776 0.6496 0.3603 0.1181 0.2275 0.8093 0.0982 1.6961 0.4481 0.0157 0.8773 0.7710 0.4579 1.7498 0.6654 1.3570 0.5158 0.1399 1.2317
0.9585 0.6007 0.5098 1.1466 0.2124 1.9128 0.0245 1.1175 1.3521 0.9195 0.4862 0.6873 0.1093 1.2772 0.7140 0.1745 0.0487 0.9768 0.7728 0.0738 0.7369 0.2278 0.1061 1.1955 0.2674 0.2573 2.3387 0.1555 0.9807 0.9205 0.1111 0.8336 1.0047 0.5485 0.3860 0.1561 1.1687 1.3230 0.0458 1.0552 0.5591 0.7479 1.2461 1.0058 3.0565 0.2674 0.1009 2.2168 1.1553 1.6143 0.9480 0.0000 0.1210 1.4413 0.6017 1.1005 1.2570 0.2861 1.0709 0.6547 1.1460 1.9663 0.0656 0.7010 1.7309 1.3378 1.3516 0.6819 0.6337 0.7177 0.0706 0.5894 0.9092 0.8755 0.8836 1.0741 2.3677 0.3085 2.4354 0.4453 0.6701 0.6534 1.4613 0.4056 0.7400 1.7639 0.1840 0.2127 1.7884 1.2339 0.6581 0.8820 0.5562 0.7063 1.0981 1.3165 0.0793 0.4418 0.0430 1.7697
0.1814 0.1756 1.0347 1.2449 0.8980 1.0865 0.1901 1.5757 0.9249 0.4150 0.0680 0.1367 0.8092 1.2025 0.8458 1.5361 0.5614 0.9286 0.6231 0.5064 0.5912 0.4603 0.5623 1.3900 0.3826 1.4870 0.2399 0.3057 0.6871 1.0734 0.8259 0.0393 0.4665 1.7508 1.2031 0.3793 1.2906 0.0801 0.2467 1.0331 0.8839 0.8758 1.3874 0.7828 2.0555 0.0996 1.3831 0.6092 1.2025 1.4375 0.9956 0.1210 0.0000 0.0161 0.9392 1.3111 1.1922 1.5457 0.8298 0.3943 0.2778 1.1303 0.4338 0.3733 0.8043 0.4711 1.0379 0.4113 1.2750 0.1415 0.9474 0.7845 0.7009 1.0094 0.8454 0.0427 1.8617 1.6071 0.5463 1.6738 0.7080 0.1250 0.5937 0.2019 0.1484 0.2622 0.8509 0.6569 1.1697 0.4380 2.2797 0.4354 0.0822 0.9203 0.1255 1.0708 1.9114 0.3112 0.2470 0.4179
0.9035 2.7284 0.4863 0.1322 1.3578 0.3480 0.1274 0.8670 1.4690 1.0919 1.3688 0.0586 0.9050 0.8510 0.1789 0.4539 2.1641 0.5096 0.5641 0.8996 1.7255 1.3558 0.2496 0.3135 1.1349 1.5041 0.8599 0.5000 0.6202 0.2041 2.0806 0.3420 1.7569 1.3298 1.1794 2.7418 0.5378 0.6564 1.5024 1.1865 0.3891 1.1518 0.6508 0.3425 0.3149 0.7291 2.2592 0.7947 0.3263 0.1589 1.5100 1.4413 0.0161 0.0000 0.5229 0.3186 1.5695 0.2832 0.9556 0.6113 0.8150 1.7814 1.5986 0.1370 0.5301 1.7379 0.9414 0.5027 0.3464 1.0857 0.2236 0.4246 1.4121 0.0818 0.4610 0.2551 1.1790 0.4373 0.9177 1.1016 0.9258 0.4938 0.7828 0.0917 0.1485 1.5177 0.4230 1.0304 1.4479 0.3333 0.4228 0.0541 0.3139 1.1136 1.0910 0.4885 0.8797 1.5104 1.0785 0.5189
0.5675 2.0848 0.0190 1.5774 2.0841 0.8163 0.0286 0.6494 0.4161 1.5438 0.6085 0.0684 1.6410 0.4635 1.6986 2.0002 0.2433 0.2998 0.3247 1.1395 0.3594 0.0064 1.0228 0.2986 1.2487 1.2570 1.6805 0.7733 1.2742 0.2893 0.1867 0.1830 0.4562 1.0531 0.4636 0.6864 0.4720 0.8307 1.5404 0.8629 0.9731 0.1699 0.8937 0.9135 1.4591 0.0678 0.5358 0.3133 0.5983 1.3933 1.5907 0.6017 0.9392 0.5229 0.0000 0.7637 0.8261 1.5822 0.0696 1.5882 0.9699 0.9572 0.2458 1.3969 0.2740 1.4923 0.1643 0.3995 0.7107 0.7436 0.5998 1.2488 0.1327 0.0984 0.5225 1.7345 0.2392 0.6416 0.4276 0.6246 0.7676 1.0629 1.1665 1.5188 0.3302 0.3677 1.9723 0.8094 0.5354 0.2137 0.1447 0.6163 0.7839 1.2643 1.7011 0.7987 1.1689 0.5616 1.1577 0.2116
0.4146 0.0803 1.1432 2.5612 1.2500 0.1293 1.2140 0.7269 0.9731 0.4179 0.0502 0.1172 0.0183 1.5584 1.0186 0.6182 0.1623 0.4092 0.6411 0.9239 0.1474 1.1432 0.8185 2.0665 0.7835 1.1651 0.9782 1.2270 0.1290 0.1354 0.1158 1.2312 0.4944 0.8587 0.5671 1.1064 0.8950 1.6937 0.0856 0.3963 0.6629 0.0429 0.9594 0.7405 0.7799 0.5141 1.4908 0.9023 1.6234 0.8973 1.8857 1.1005 1.3111 0.3186 0.7637 0.0000 0.2910 0.2535 0.4155 0.6114 1.0121 0.3526 2.0303 0.7068 1.1940 0.4771 0.4886 1.5292 0.1913 0.5230 1.8805 1.0701 0.4074 0.2609 0.5452 1.8384 0.0669 1.1891 1.4942 1.1114 0.9380 0.2325 0.8205 0.3964 0.1095 0.5309 0.4437 1.0926 1.8442 0.4942 0.1969 1.1888 1.3763 0.3993 0.3925 0.0200 2.6609 1.1025 0.9823 0.7116
1.3064 0.0905 0.6606 1.4157 1.3475 1.2062 0.6307 0.5098 0.8415 0.3162 0.3744 0.6773 1.2253 0.6177 0.7649 1.6703 0.4935 1.3394 2.3292 1.3868 1.1481 0.2670 0.4478 0.6825 1.4716 2.0163 0.7057 1.7874 0.2724 1.7937 0.8271 0.5409 0.9586 0.9891 0.3766 1.3086 1.3613 0.6560 0.0742 0.1950 1.2415 0.0497 0.6276 0.0004 1.3248 2.0610 0.7926 1.5819 0.4932 0.5685 0.5922 1.2570 1.1922 1.5695 0.8261 0.2910 0.0000 0.0217 0.3525 2.8417 0.5270 1.8792 0.0067 2.4025 0.5343 0.4365 0.0664 0.1062 0.5696 0.6375 0.2719 0.0138 0.5779 1.7526 0.0459 1.2023 1.1510 0.1047 0.5852 0.8737 2.7917 0.3198 0.3896 0.0859 0.3423 0.5461 0.7002 0.0049 1.1716 1.3397 0.7802 1.5496 2.0597 0.7988 0.2105 0.0136 0.0066 0.2933 0.4840 0.4646
