16
0.0000 14.4364 12.7780 16.6262 2.2415 11.0017 5.5220 11.2936 4.6799 4.8059 22.7859 2.9466 10.9316 0.0975 8.3689 10.1581
14.4364 0.0000 9.8817 5.6286 9.3097 9.3510 12.6198 3.8987 3.3478 1.6018 4.1418 9.4983 6.1893 9.3269 4.6418 1.6844
12.7780 9.8817 0.0000 4.6472 3.4703 4.8998 12.5881 0.3168 11.8587 2.6648 18.1925 6.3978 2.0275 4.2943 7.6953 3.1360
16.6262 5.6286 4.6472 0.0000 0.6006 13.4560 8.6563 0.1694 2.9874 3.7918 17.9824 11.6637 8.2038 1.7041 20.4345 20.4080
2.2415 9.3097 3.4703 0.6006 0.0000 19.3166 10.2414 1.2965 16.8001 19.5738 10.9145 4.5593 7.8068 6.5119 11.5262 2.5165
11.0017 9.3510 4.8998 13.4560 19.3166 0.0000 5.5095 1.7646 0.7224 5.9825 12.7204 3.4287 7.0832 13.8098 7.6959 10.6267
5.5220 12.6198 12.5881 8.6563 10.2414 5.5095 0.0000 24.5671 16.5711 6.8700 0.3689 1.7754 9.7744 4.2244 3.7640 3.1694
11.2936 3.8987 0.3168 0.1694 1.2965 1.7646 24.5671 0.0000 0.5948 4.0897 1.3391 0.0589 3.9651 6.3583 4.0840 18.2118
4.6799 3.3478 11.8587 2.9874 16.8001 0.7224 16.5711 0.5948 0.0000 10.1587 12.4043 6.4698 9.3477 10.3260 15.6197 13.7776
4.8059 1.6018 2.6648 3.7918 19.5738 5.9825 6.8700 4.0897 10.1587 0.0000 4.1272 17.2691 7.1378 13.4089 11.2968 4.1485
22.7859 4.1418 18.1925 17.9824 10.9145 12.7204 0.3689 1.3391 12.4043 4.1272 0.0000 11.5419 5.0811 4.0630 7.8437 3.3058
2.9466 9.4983 6.3978 11.6637 4.5593 3.4287 1.7754 0.0589 6.4698 17.2691 11.5419 0.0000 4.2179 12.0823 8.4432 14.5761
10.9316 6.1893 2.0275 8.2038 7.8068 7.0832 9.7744 3.9651 9.3477 7.1378 5.0811 4.2179 0.0000 1.6518 14.7406 10.8572
0.0975 9.3269 4.2943 1.7041 6.5119 13.8098 4.2244 6.3583 10.3260 13.4089 4.0630 12.0823 1.6518 0.0000 18.9930 22.1323
8.3689 4.6418 7.6953 20.4345 11.5262 7.6959 3.7640 4.0840 15.6197 11.2968 7.8437 8.4432 14.7406 18.9930 0.0000 6.0275
10.1581 1.6844 3.1360 20.4080 2.5165 10.6267 3.1694 18.2118 13.7776 4.1485 3.3058 14.5761 10.8572 22.1323 6.0275 0.0000
